&EPATH1
 I_DEVICE=          1,
 N0=          1,
 RLAU=  1.0000000000000000     ,
 OLDENER=  8700.0000000000000     ,
 RK=  1.0000000000000000     ,
 RKX=  0.0000000000000000     ,
 RLEN=  1.0000000000000000     ,
 /
