&EPATH1
 I_DEVICE=          1,
 N0=         24,
 RLAU=  8.3000000000000004E-002,
 OLDENER=  3.0000000000000000     ,
 RK=  14.803531400000001     ,
 RKX=  0.0000000000000000     ,
 RLEN=  1.9920000000000000     ,
 /
