           1
   0.0000000000000000        0.0000000000000000        0.0000000000000000
   0.0000000000000000        2350.0000000000000        0.0000000000000000
  -0.0000000000000000        2424.9986499590973       0.45000479199363852
   1.0000000000000000        0.0000000000000000        0.0000000000000000
  -0.0000000000000000       0.99999549985353153        3.0000454472681815E-003
  -0.0000000000000000       -3.0000891584614727E-003  0.99999549972239443
  -0.0000000000000000       0.99998199945462862        6.0000638932485133E-003
  -0.0000000000000000       -6.0001076038516806E-003  0.99998199919235653
           2
  -0.0000000000000000        2424.9986499590973       0.45000479199363852
  -0.0000000000000000        2499.9972999181946       0.90000958398727704
  -2.1902569290352739E-008   2649.9972999575343       0.90000958422332467
 -0.99999999999999967       -1.4601819234048465E-010   2.4335490883756709E-008
  -7.3008892851887136E-011  0.99999549998466530        3.0000454480550104E-003
  -2.4335819431696498E-008   3.0000454464813404E-003 -0.99999549972239543
  -1.4601712860235160E-010   1.0000000002622662        1.5736509317854086E-012
  -2.4335490883756709E-008  -1.5736622074880025E-012 -0.99999999973773124
           3
  -2.1902569290352739E-008   2649.9972999575343       0.90000958422332467
  -4.3805138580705478E-008   2799.9972999968741       0.90000958445937229
   6.3264670908589265E-008   2804.4807475159114        3.1133099147524925
  0.99999999999999878        1.4601819230218807E-010  -4.8671419827506711E-008
   1.0919742832824388E-008  0.97382993952645269       0.22727791215523147
   4.7430871811873687E-008 -0.22727795483884200       0.97382992908029420
   2.1413961897858947E-008  0.89668950380744494       0.44266006605862407
   4.3707786304749439E-008 -0.44266010548353724       0.89668948398641835
           4
   6.3264670908589265E-008   2804.4807475159114        3.1133099147524925
   1.7033448039788400E-007   2808.9641950349487        5.3266102450456128
   1.1574167722932371E-007   2813.9641951230115        5.3266102878792685
 -0.99999999999999734       -1.0918563068407737E-008   7.0493191400131204E-008
   5.3887236721705678E-009  0.97382994963189184       0.22727791142336998
  -7.1129927882323201E-008  0.22727790274418785      -0.97382993130380191
  -1.0918560633712059E-008   1.0000000176125683        8.5667312132997608E-009
  -7.0493190566539279E-008  -8.5667314353443658E-009 -0.99999998238742516
           5
   1.1574167722932371E-007   2813.9641951230115        5.3266102878792685
   6.1148874060763424E-008   2818.9641952110742        5.3266103307129242
  -1.4382652151579364E-007   2823.4476427889363        3.1133100772367852
 -0.99999999999999734       -1.0918563068407737E-008   7.0493191400131204E-008
  -2.6654366416069028E-008  0.97382995447530973      -0.22727789986781854
  -6.6166830658106343E-008 -0.22727796712625511      -0.97382991413143460
  -4.0995079115311412E-008  0.89668951557243226      -0.44266005069522785
  -5.8377291489698477E-008 -0.44266012084693285      -0.89668947222142892
           6
  -1.4382652151579364E-007   2823.4476427889363        3.1133100772367852
  -3.4880191709235070E-007   2827.9310903667983       0.90000982376064620
  -3.4953200462976582E-007   2832.9310905416128       0.90000982376851435
  0.99999999999999556        1.4601781841968187E-010  -9.2314962686443743E-008
  -2.1123347351257123E-008  0.97382996458074944      -0.22727789913595717
   8.9865887353482075E-008  0.22727791503160033       0.97382991635494132
  -1.4601750748302728E-010   1.0000000349628706        1.5736301151036969E-012
   9.2314961015344777E-008   1.5734635816500031E-012  0.99999996503711985
           7
  -3.4953200462976582E-007   2832.9310905416128       0.90000982376851435
  -3.8822664411276807E-007   3097.9310998067735       0.90000982418552633
  -2.9645346741879306E-007   3322.9270575505716        2.2500241533201111
  0.99999999999999556        1.4601781841968187E-010  -9.2314962686443743E-008
   1.3093222812596810E-010  0.99999553481624959        3.0000453439515753E-003
   9.2314983637934203E-008  -3.0000892617797451E-003  0.99999546475966683
   4.0788078530655554E-010  0.99998203441687927        6.0000636850425998E-003
   9.2314175392245872E-008  -6.0001078120592317E-003  0.99998196423009633
           8
  -2.9645346741879306E-007   3322.9270575505716        2.2500241533201111
  -2.0468029072481805E-007   3547.9230152943696        3.6000384824546963
  -4.8941406080376025E-007   4522.9230496388782        3.6000384855233087
 -0.99999999999999301       -2.9203601582709064E-010   1.1665045271936134E-007
   5.7923335327569634E-011  0.99999553494738325        3.0000453447384112E-003
  -1.1665080306324798E-007   3.0000455497980814E-003 -0.99999546475966572
  -2.9203463597840220E-010   1.0000000352251370        3.1472949246769133E-012
  -1.1665045187488982E-007  -3.1471292585849575E-012 -0.99999996477484887
           9
  -4.8941406080376025E-007   4522.9230496388782        3.6000384855233087
  -7.7414783088270235E-007   5497.9230839833872        3.6000384885919212
  -7.7137834131354082E-007   5502.9229941567828        3.6300388070171339
  0.99999999999998979        2.9203601575050225E-010  -1.4098638081225710E-007
   1.3093222814115941E-010  0.99999553507851946        3.0000453447383986E-003
   1.4098662247711515E-007  -3.0000892609929027E-003  0.99999546449738919
   5.5389791383231280E-010  0.99998203467915048        6.0000636850425755E-003
   1.4098559519554052E-007  -6.0001078120592135E-003  0.99998196396781736
          10
  -7.7137834131354082E-007   5502.9229941567828        3.6300388070171339     
  -7.6860885174437929E-007   5507.9229043301784        3.6600391254423466     
  -9.1754645165244242E-007   5847.9229163958953        3.6600391270474755     
 -0.99999999999998601       -4.3805421315791051E-010   1.6532187083879188E-007
   5.7923335361909572E-011  0.99999553520965323        3.0000453455252393E-003
  -1.6532244189604613E-007   3.0000455490112226E-003 -0.99999546449738674     
  -4.3805176443547984E-010   1.0000000354874035        4.7209675405057716E-012
  -1.6532187167180188E-007  -4.7208062112225058E-012 -0.99999996451257356     
